9 5
0 2
35
0 0 1 1 大观
1 0 2 2 田雨的风景
2 0 3 1 无技术的小明
3 0 4 1 Henryhomme
4 0 5 1 小松-视界
0 1 1 2 小松-视界
2 1 3 2 静夜至上
3 1 4 2 雨小浅
4 1 5 2 姜勇
0 2 1 3 网际飞侠
1 2 2 3 羊小小
2 2 3 3 White_Satin
3 2 4 3 兔肥匪
4 2 5 3 安静911
0 3 1 4 汉子常波
1 3 2 4 飞舞心情
2 3 5 5 幸福-着
0 4 1 5 huofeng
1 4 2 5 四季的茶
0 5 1 6 视界小混混
1 5 2 6 缺月疏桐
2 5 3 6 蚊子1225
3 5 4 6 YTian
4 5 5 6 White_Satin
0 6 2 7 船说
2 6 3 7 大啤梨2016
3 6 5 8 nu61fa88
0 7 1 8 光影魔幻
1 7 2 8 易易易凡
2 7 3 8 霍永强
0 8 1 9 许广兵
1 8 2 9 kris1994
2 8 3 9 雪域忠忠
3 8 4 9 小河青青qinqin
4 8 5 9 Jeson