9 5
0 2
34
0 0 1 1 网际飞侠
1 0 2 1 蓝色涟漪
2 0 3 1 骏马哥
3 0 4 1 ivan0718
4 0 5 1 幸福着
0 1 1 2 oasis-in-soul
1 1 3 2 J小导
3 1 4 2 n5xgk4hdl
4 1 5 3 仲秋明月
0 2 1 3 色迷心窍
1 2 2 3 布鲁斯-滕
2 2 3 3 nj6h_bpro
3 2 4 3 团子妹妹
0 3 3 5 Kingfu_li
3 3 4 4 BXLBXLBXL
4 3 5 4 明明如雨
3 4 4 5 缺月疏桐
4 4 5 5 nb_674256b3d334
0 5 1 6 Only974
1 5 2 6 Xyzmes
2 5 3 6 z77e
3 5 5 7 Fiy漂移
0 6 1 7 布鲁斯-滕
1 6 2 8 barkbear
2 6 3 7 Milkymay
0 7 1 8 n0370279
2 7 3 8 晶资讯
3 7 4 8 nb2c6d8bz
4 7 5 8 BIGGERDOG
0 8 1 9 木木火
1 8 2 9 小排排不会发光
2 8 3 9 BXL
3 8 4 9 视界小混混
4 8 5 9 鑫然哥
  