9 5
0 2
34
0 0 1 1 独狼2015
1 0 2 1 孙宁1
2 0 3 1 davidsed
3 0 4 1 黑色番茄汁
4 0 5 1 土家农二哥
0 1 2 2 Bullet
2 1 4 3 will.wong
4 1 5 2 KenZ
0 2 1 3 najwa
1 2 2 3 cnpc1234
4 2 5 3 汉子常波
0 3 1 4 天Qin
1 3 2 4 2015好运
2 3 3 4 hugo77
3 3 4 4 斯基
4 3 5 4 达娃拉姆
0 4 1 5 White_Satin
1 4 2 5 huph007
2 4 3 5 岑琴顺其自然
3 4 4 5 郭one
4 4 5 6 yx098
0 5 3 7 薛冬
3 5 4 6 2060年冬天
3 6 4 7 余文永 
4 6 5 7 Jean_Sy
0 7 1 8 北回归线的候鸟
1 7 2 8 大梦天下
2 7 4 8 oasis-in-soul
4 7 5 8 蓝色涟漪
0 8 1 9 石榴红
1 8 2 9 海纳百川
2 8 3 9 明明如雨
3 8 4 9 泰迪mimi
4 8 5 9 张开宇
