9 5
0 2
34
0 0 1 1 逛逛笑笑
1 0 2 1 u122132599390
2 0 3 1 May_be
3 0 5 1 之锋
0 1 1 2 墨尊
1 1 2 3 White_Satin
2 1 3 2 小飞机xfj
3 1 4 2 Linvx
4 1 5 2 许广兵
0 2 1 3 昔日、余光
2 2 3 3 谁伴我闯荡1942
3 2 5 4 Inensy
0 3 1 4 视界小混混
1 3 2 4 kris1994
2 3 3 4 BXLBXLBXL
0 4 1 5 视界
1 4 2 5 绿豆绿豆
2 4 3 5 White_Satin
3 4 4 5 nyemh_915
4 4 5 5 一簔烟雨
0 5 1 6 韶华不为少年留根悠悠几时休
1 5 3 8 阿拉法特李剑
3 5 4 6 fawwi
4 5 5 6 雨小浅
0 6 1 7 老歌
3 6 4 7 小兮
4 6 5 7 缺月疏桐
0 7 1 8 不拘
3 7 5 8 一澄几许
0 8 1 9 KOF李
1 8 2 9 J小导
2 8 3 9 夏大树
3 8 4 9 风凝
4 8 5 9 will·wong