9 5
0 2
34
0 0 1 1 May_be
1 0 2 1 Rewriting
2 0 3 1 LeeHelsing
3 0 4 1 披着羊皮的摄狼
4 0 5 1 飘飘兮流风回雪
0 1 1 2 呵呵2016
1 1 2 2 清萍剑客
2 1 3 2 更年期的文艺青年
3 1 5 2 倒叙
0 2 1 3 安静911
1 2 2 3 Rin_rui
2 2 3 3 nxgz71y0a
3 2 4 3 鱼儿视界
4 2 5 3 祖龙居士
0 3 1 5 雨小浅
1 3 3 5 清风堂主
3 3 4 4 方托马斯
4 3 5 4 理强
3 4 4 5 大同银狐电脑科技
4 4 5 5 J小导
0 5 1 6 大猪1
1 5 2 6 White_Satin
2 5 3 6 BXLBXLBXL
3 5 4 6 White_Satin
4 5 5 6 n837ae63
0 6 1 7 德深摄影
1 6 2 7 船说
2 6 5 8 xzsfg6825
0 7 2 8 Milkyway
0 8 1 9 n912f24b
1 8 2 9 大大大象
2 8 3 9 云依柳梢
3 8 4 9 段_先生
4 8 5 9 小石泠